5621	1	732
0	13	1e+06	90.2425	0	-0.11557	0.0698864	0.00138766
0	328320	0	513	0.641754
1	328321	1	513	0.645365
2	328322	2	513	1.00328
3	328323	3	513	0.78601
4	328324	4	513	0.771532
5	328325	5	513	0.531404
6	328326	6	513	1.3278
7	328327	7	513	1.07277
8	328328	8	513	1.10742
9	328329	9	513	0.72461
10	328330	10	513	0.677505
11	328331	11	513	0.715728
12	328332	12	513	0.296969
13	328333	13	513	0.785911
14	328334	14	513	0.969099
15	328335	15	513	1.0261
16	328336	16	513	0.765859
17	328337	17	513	1.61835
18	328338	18	513	0.045175
19	328339	19	513	0.843752
20	328340	20	513	1.28528
21	328341	21	513	0.388964
22	328342	22	513	0.158659
23	328343	23	513	0.847666
24	328344	24	513	0.653787
25	328345	25	513	0.211083
26	328346	26	513	0.687811
27	328347	27	513	0.969298
28	328348	28	513	1.32395
29	328349	29	513	0.547877
30	328350	30	513	1.94797
31	328351	31	513	0.617808
32	328352	32	513	0.26891
33	328353	33	513	0.506465
34	328354	34	513	0.616079
35	328355	35	513	0.421248
36	328356	36	513	1.10416
37	328357	37	513	0.433811
38	328358	38	513	0.925258
39	328359	39	513	0.139082
40	328360	40	513	0.876146
41	328361	41	513	0.358322
42	328362	42	513	0.287354
43	328363	43	513	0.711591
44	328364	44	513	0.434183
45	328365	45	513	0.556807
46	328366	46	513	3.59326
47	328367	47	513	1.82034
48	328368	48	513	1.2688
49	328369	49	513	0.428971
50	328370	50	513	0.601362
51	328371	51	513	1.15938
52	328372	52	513	0.530172
53	328373	53	513	0.691092
54	328374	54	513	0.997346
55	328375	55	513	0.672681
56	328376	56	513	0.821704
57	328377	57	513	0.447895
58	328378	58	513	0.533139
59	328379	59	513	0.192463
60	328380	60	513	0.986806
61	328381	61	513	1.16475
62	328382	62	513	0.551958
63	328383	63	513	0.583219
64	328384	64	513	0.590667
65	328385	65	513	0.849928
66	328386	66	513	0.853163
67	328387	67	513	0.584186
68	328388	68	513	0.263921
69	328389	69	513	0.455336
70	328390	70	513	0.589093
71	328391	71	513	0.517843
72	328392	72	513	0.61435
73	328393	73	513	0.387483
74	328394	74	513	0.542848
75	328395	75	513	0.0673348
76	328396	76	513	0.86171
77	328397	77	513	1.38951
78	328398	78	513	1.78246
79	328399	79	513	1.32215
80	328400	80	513	0.275945
81	328401	81	513	0.406358
82	328402	82	513	0.91122
83	328403	83	513	1.16143
84	328404	84	513	2.16442
85	328405	85	513	1.23955
86	328406	86	513	1.72362
87	328407	87	513	0.678321
88	328408	88	513	0.416988
89	328409	89	513	0.531134
90	328410	90	513	1.39339
91	328411	91	513	0.393356
92	328412	92	513	1.25409
93	328413	93	513	0.468759
94	328414	94	513	0.808097
95	328415	95	513	2.02066
96	328416	96	513	0.264665
97	328417	97	513	0.0872156
98	328418	98	513	0.874354
99	328419	99	513	0.170443
100	328420	100	513	0.432849
101	328421	101	513	0.432317
102	328422	102	513	1.7183
103	328423	103	513	1.15612
104	328424	104	513	0.491523
105	328425	105	513	0.820374
106	328426	106	513	0.483615
107	328427	107	513	1.02036
108	328428	108	513	0.596725
109	328429	109	513	1.13251
110	328430	110	513	0.983705
111	328431	111	513	0.800139
112	328432	112	513	0.407808
113	328433	113	513	1.3612
114	328434	114	513	0.79072
115	328435	115	513	0.672339
116	328436	116	513	0.0464609
117	328437	117	513	1.96864
118	328438	118	513	0.728402
119	328439	119	513	0.699122
120	328440	120	513	0.182514
121	328441	121	513	0.83669
122	328442	122	513	0.255901
123	328443	123	513	0.633474
124	328444	124	513	2.75526
125	328445	125	513	0.668361
126	328446	126	513	1.02725
127	328447	127	513	0.300204
128	328448	128	513	0.427453
129	328449	129	513	1.0812
130	328450	130	513	0.60351
131	328451	131	513	0.40519
132	328452	132	513	0.512067
133	328453	133	513	1.88048
134	328454	134	513	0.697577
135	328455	135	513	0.576474
136	328456	136	513	0.695314
137	328457	137	513	0.554555
138	328458	138	513	0.563731
139	328459	139	513	0.453811
140	328460	140	513	0.586715
141	328461	141	513	0.309121
142	328462	142	513	0.567192
143	328463	143	513	0.528345
144	328464	144	513	1.42601
145	328465	145	513	0.578733
146	328466	146	513	0.746114
147	328467	147	513	1.13697
148	328468	148	513	0.179624
149	328469	149	513	0.539501
150	328470	150	513	2.86169
151	328471	151	513	0.57568
152	328472	152	513	0.525248
153	328473	153	513	0.455218
154	328474	154	513	1.76098
155	328475	155	513	0.135523
156	328476	156	513	0.209897
157	328477	157	513	0.119811
158	328478	158	513	0.296509
159	328479	159	513	0.703035
160	328480	160	513	0.567604
161	328481	161	513	0.318924
162	328482	162	513	0.478783
163	328483	163	513	1.2383
164	328484	164	513	1.41492
165	328485	165	513	0.304984
166	328486	166	513	0.545969
167	328487	167	513	0.319308
168	328488	168	513	0.856394
169	328489	169	513	0.397762
170	328490	170	513	0.529986
171	328491	171	513	0.274492
172	328492	172	513	1.72863
173	328493	173	513	0.672659
174	328494	174	513	0.360919
175	328495	175	513	1.63321
176	328496	176	513	2.36905
177	328497	177	513	0.0200563
178	328498	178	513	1.23601
179	328499	179	513	0.454682
180	328500	180	513	0.648243
181	328501	181	513	1.12443
182	328502	182	513	0.353842
183	328503	183	513	2.4534
184	328504	184	513	0.486577
185	328505	185	513	0.582821
186	328506	186	513	1.38737
187	328507	187	513	1.4761
188	328508	188	513	1.25807
189	328509	189	513	0.727247
190	328510	190	513	0.911769
191	328511	191	513	0.757313
192	328512	192	513	0.500129
193	328513	193	513	0.578521
194	328514	194	513	3.88294
195	328515	195	513	0.694852
196	328516	196	513	0.527353
197	328517	197	513	0.609819
198	328518	198	513	1.09413
199	328519	199	513	0.189185
200	328520	200	513	1.71351
201	328521	201	513	0.783347
202	328522	202	513	0.455966
203	328523	203	513	1.40332
204	328524	204	513	0.939443
205	328525	205	513	0.198523
206	328526	206	513	0.133698
207	328527	207	513	0.538507
208	328528	208	513	0.326093
209	328529	209	513	1.11997
210	328530	210	513	0.756546
211	328531	211	513	1.64786
212	328532	212	513	1.04271
213	328533	213	513	0.399586
214	328534	214	513	0.518563
215	328535	215	513	0.543381
216	328536	216	513	0.843853
217	328537	217	513	0.75447
218	328538	218	513	0.694765
219	328539	219	513	0.128972
220	328540	220	513	1.61132
221	328541	221	513	0.804009
222	328542	222	513	0.464367
223	328543	223	513	0.908862
224	328544	224	513	0.601609
225	328545	225	513	1.24601
226	328546	226	513	0.618676
227	328547	227	513	0.14531
228	328548	228	513	0.869822
229	328549	229	513	0.900645
230	328550	230	513	0.301968
231	328551	231	513	0.375796
232	328552	232	513	0.671339
233	328553	233	513	1.06088
234	328554	234	513	0.9581
235	328555	235	513	0.435857
236	328556	236	513	0.675785
237	328557	237	513	0.179026
238	328558	238	513	1.34383
239	328559	239	513	1.63608
240	328560	240	513	1.32485
241	328561	241	513	0.254656
242	328562	242	513	0.669562
243	328563	243	513	1.52371
244	328564	244	513	0.65593
245	328565	245	513	1.13151
246	328566	246	513	1.33452
247	328567	247	513	0.721801
248	328568	248	513	0.328986
249	328569	249	513	0.761199
250	328570	250	513	1.56704
251	328571	251	513	1.21924
252	328572	252	513	0.195095
253	328573	253	513	0.496151
254	328574	254	513	0.482319
255	328575	255	513	0.713492
256	328576	256	513	0.385631
257	328577	257	513	0.577298
258	328578	258	513	0.34797
259	328579	259	513	0.55188
260	328580	260	513	0.655321
261	328581	261	513	0.691213
262	328582	262	513	1.88596
263	328583	263	513	1.65436
264	328584	264	513	0.93552
265	328585	265	513	1.52885
266	328586	266	513	1.53537
267	328587	267	513	1.0539
268	328588	268	513	1.12934
269	328589	269	513	0.195594
270	328590	270	513	0.222277
271	328591	271	513	0.760419
272	328592	272	513	0.48866
273	328593	273	513	0.050174
274	328594	274	513	1.43678
275	328595	275	513	0.752324
276	328596	276	513	1.18814
277	328597	277	513	0.195009
278	328598	278	513	0.677003
279	328599	279	513	0.355638
280	328600	280	513	0.251422
281	328601	281	513	0.909658
282	328602	282	513	1.27414
283	328603	283	513	0.905431
284	328604	284	513	0.25764
285	328605	285	513	1.49731
286	328606	286	513	0.189052
287	328607	287	513	0.434745
288	328608	288	513	1.172
289	328609	289	513	0.701583
290	328610	290	513	0.144779
291	328611	291	513	1.29535
292	328612	292	513	0.716835
293	328613	293	513	0.453662
294	328614	294	513	0.429634
295	328615	295	513	0.701233
296	328616	296	513	0.800998
297	328617	297	513	1.09698
298	328618	298	513	0.363842
299	328619	299	513	0.940421
300	328620	300	513	0.593324
301	328621	301	513	0.0855554
302	328622	302	513	0.454931
303	328623	303	513	1.33269
304	328624	304	513	0.481167
305	328625	305	513	0.0210636
306	328626	306	513	1.5427
307	328627	307	513	2.11666
308	328628	308	513	0.214739
309	328629	309	513	0.3116
310	328630	310	513	0.644771
311	328631	311	513	0.222696
312	328632	312	513	1.42944
313	328633	313	513	0.586532
314	328634	314	513	1.15369
315	328635	315	513	1.85704
316	328636	316	513	0.802359
317	328637	317	513	0.949743
318	328638	318	513	0.781037
319	328639	319	513	1.32699
320	328640	320	513	0.221032
321	328641	321	513	0.989751
322	328642	322	513	1.0486
323	328643	323	513	1.15172
324	328644	324	513	2.46483
325	328645	325	513	1.21785
326	328646	326	513	0.501435
327	328647	327	513	1.78017
328	328648	328	513	0.64248
329	328649	329	513	0.837647
330	328650	330	513	1.06152
331	328651	331	513	2.26891
332	328652	332	513	1.03143
333	328653	333	513	2.90075
334	328654	334	513	0.520873
335	328655	335	513	0.973911
336	328656	336	513	1.29123
337	328657	337	513	1.04208
338	328658	338	513	0.161173
339	328659	339	513	0.230228
340	328660	340	513	0.488388
341	328661	341	513	0.87605
342	328662	342	513	0.166208
343	328663	343	513	0.816135
344	328664	344	513	0.0793405
345	328665	345	513	1.71631
346	328666	346	513	1.14002
347	328667	347	513	1.15817
348	328668	348	513	1.56228
349	328669	349	513	0.329658
350	328670	350	513	0.00370684
351	328671	351	513	2.27922
352	328672	352	513	0.963573
353	328673	353	513	0.61376
354	328674	354	513	0.210559
355	328675	355	513	0.615995
356	328676	356	513	2.18249
357	328677	357	513	0.598659
358	328678	358	513	0.530377
359	328679	359	513	1.3053
360	328680	360	513	1.42445
361	328681	361	513	1.15611
362	328682	362	513	0.760304
363	328683	363	513	1.15069
364	328684	364	513	0.553576
365	328685	365	513	0.735203
366	328686	366	513	1.10613
367	328687	367	513	0.514879
368	328688	368	513	0.483303
369	328689	369	513	1.14247
370	328690	370	513	0.600741
371	328691	371	513	0.861119
372	328692	372	513	0.986633
373	328693	373	513	0.585747
374	328694	374	513	0.918025
375	328695	375	513	0.524678
376	328696	376	513	0.423292
377	328697	377	513	0.892514
378	328698	378	513	0.634868
379	328699	379	513	1.13228
380	328700	380	513	0.781207
381	328701	381	513	1.0775
382	328702	382	513	5.34718
383	328703	383	513	0.831408
384	328704	384	513	1.54993
385	328705	385	513	0.316104
386	328706	386	513	1.38906
387	328707	387	513	0.865113
388	328708	388	513	1.51282
389	328709	389	513	0.839208
390	328710	390	513	0.604139
391	328711	391	513	1.25057
392	328712	392	513	0.203914
393	328713	393	513	0.996654
394	328714	394	513	1.65557
395	328715	395	513	0.34238
396	328716	396	513	0.839366
397	328717	397	513	1.19625
398	328718	398	513	0.297043
399	328719	399	513	1.3171
400	328720	400	513	4.18268
401	328721	401	513	0.236592
402	328722	402	513	0.469808
403	328723	403	513	0.504513
404	328724	404	513	0.423565
405	328725	405	513	0.367529
406	328726	406	513	0.580366
407	328727	407	513	3.54416
408	328728	408	513	0.989663
409	328729	409	513	0.622281
410	328730	410	513	1.20351
411	328731	411	513	0.357004
412	328732	412	513	0.201394
413	328733	413	513	0.311206
414	328734	414	513	0.424362
415	328735	415	513	0.830322
416	328736	416	513	1.15915
417	328737	417	513	0.619557
418	328738	418	513	2.09991
419	328739	419	513	0.711418
420	328740	420	513	0.647245
421	328741	421	513	1.12273
422	328742	422	513	1.02593
423	328743	423	513	0.182815
424	328744	424	513	0.0220879
425	328745	425	513	0.599091
426	328746	426	513	0.232407
427	328747	427	513	0.967235
428	328748	428	513	0.350016
429	328749	429	513	0.257719
430	328750	430	513	0.442882
431	328751	431	513	0.0921955
432	328752	432	513	0.836151
433	328753	433	513	0.841564
434	328754	434	513	0.348641
435	328755	435	513	0.404775
436	328756	436	513	0.435215
437	328757	437	513	0.00776345
438	328758	438	513	0.389712
439	328759	439	513	0.966168
440	328760	440	513	1.30239
441	328761	441	513	0.516817
442	328762	442	513	0.269591
443	328763	443	513	0.608114
444	328764	444	513	0.64957
445	328765	445	513	1.28612
446	328766	446	513	0.311287
447	328767	447	513	1.21881
448	328768	448	513	0.329412
449	328769	449	513	1.12062
450	328770	450	513	0.336523
451	328771	451	513	0.021746
452	328772	452	513	1.507
453	328773	453	513	1.47221
454	328774	454	513	0.331741
455	328775	455	513	1.25244
456	328776	456	513	0.941858
457	328777	457	513	1.52911
458	328778	458	513	1.08796
459	328779	459	513	0.564546
460	328780	460	513	0.703148
461	328781	461	513	1.335
462	328782	462	513	0.490159
463	328783	463	513	0.452963
464	328784	464	513	1.9712
465	328785	465	513	0.571197
466	328786	466	513	0.385604
467	328787	467	513	0.0537389
468	328788	468	513	0.316515
469	328789	469	513	0.765578
470	328790	470	513	1.58716
471	328791	471	513	1.11626
472	328792	472	513	0.892979
473	328793	473	513	1.25036
474	328794	474	513	0.0522922
475	328795	475	513	0.629237
476	328796	476	513	1.19412
477	328797	477	513	0.246574
478	328798	478	513	0.292618
479	328799	479	513	0.41072
480	328800	480	513	0.905532
481	328801	481	513	0.590305
482	328802	482	513	0.416479
483	328803	483	513	1.2525
484	328804	484	513	0.35674
485	328805	485	513	0.499335
486	328806	486	513	1.2275
487	328807	487	513	0.369678
488	328808	488	513	0.13982
489	328809	489	513	0.265891
490	328810	490	513	1.09214
491	328811	491	513	1.09176
492	328812	492	513	0.264919
493	328813	493	513	0.688958
494	328814	494	513	0.933244
495	328815	495	513	1.59242
496	328816	496	513	0.66387
497	328817	497	513	0.692437
498	328818	498	513	1.08176
499	328819	499	513	0.237311
500	328820	500	513	0.430773
501	328821	501	513	1.2521
502	328822	502	513	0.71761
503	328823	503	513	1.33933
504	328824	504	513	0.991731
505	328825	505	513	0.627874
506	328826	506	513	1.68348
507	328827	507	513	1.04028
508	328828	508	513	0.436165
509	328829	509	513	1.11812
510	328830	510	513	0.861646
511	328831	511	513	1.86175
512	328832	512	513	0.93908
513	328833	513	513	0.946363
514	328834	514	513	0.340029
515	328835	515	513	0.226799
516	328836	516	513	0.344733
517	328837	517	513	0.592768
518	328838	518	513	0.610149
519	328839	519	513	0.215304
520	328840	520	513	0.713546
521	328841	521	513	1.15309
522	328842	522	513	0.475921
523	328843	523	513	0.453309
524	328844	524	513	0.656797
525	328845	525	513	0.553708
526	328846	526	513	0.765065
527	328847	527	513	0.116324
528	328848	528	513	1.19997
529	328849	529	513	0.444729
530	328850	530	513	2.23319
531	328851	531	513	1.48286
532	328852	532	513	1.32831
533	328853	533	513	0.54974
534	328854	534	513	0.970502
535	328855	535	513	0.622612
536	328856	536	513	0.847937
537	328857	537	513	1.79738
538	328858	538	513	0.0816114
539	328859	539	513	0.981231
540	328860	540	513	1.4544
541	328861	541	513	0.849429
542	328862	542	513	0.21445
543	328863	543	513	0.375652
544	328864	544	513	0.513585
545	328865	545	513	1.01692
546	328866	546	513	0.385146
547	328867	547	513	0.49129
548	328868	548	513	1.61656
549	328869	549	513	0.937603
550	328870	550	513	0.186763
551	328871	551	513	0.756563
552	328872	552	513	0.458227
553	328873	553	513	0.406136
554	328874	554	513	1.48262
555	328875	555	513	1.13196
556	328876	556	513	0.225317
557	328877	557	513	0.732966
558	328878	558	513	1.48624
559	328879	559	513	0.541858
560	328880	560	513	0.617489
561	328881	561	513	0.39032
562	328882	562	513	0.689886
563	328883	563	513	0.613551
564	328884	564	513	0.455089
565	328885	565	513	1.07811
566	328886	566	513	0.469457
567	328887	567	513	0.500019
568	328888	568	513	0.472594
569	328889	569	513	0.943509
570	328890	570	513	0.651181
571	328891	571	513	0.121195
572	328892	572	513	0.21127
573	328893	573	513	0.49308
574	328894	574	513	0.944546
575	328895	575	513	0.380783
576	328896	576	513	1.27194
577	328897	577	513	0.840856
578	328898	578	513	0.931897
579	328899	579	513	0.166162
580	328900	580	513	0.705604
581	328901	581	513	0.540229
582	328902	582	513	1.28502
583	328903	583	513	0.766213
584	328904	584	513	0.324425
585	328905	585	513	0.694864
586	328906	586	513	0.465562
587	328907	587	513	2.38509
588	328908	588	513	0.683946
589	328909	589	513	0.294901
590	328910	590	513	1.47177
591	328911	591	513	1.07763
592	328912	592	513	0.93081
593	328913	593	513	0.376506
594	328914	594	513	0.0509861
595	328915	595	513	0.257032
596	328916	596	513	0.157938
597	328917	597	513	0.8032
598	328918	598	513	1.61175
599	328919	599	513	1.14843
600	328920	600	513	0.862498
601	328921	601	513	0.860188
602	328922	602	513	0.80683
603	328923	603	513	0.854649
604	328924	604	513	0.590192
605	328925	605	513	0.826577
606	328926	606	513	0.730921
607	328927	607	513	0.739043
608	328928	608	513	0.647028
609	328929	609	513	1.7494
610	328930	610	513	1.88832
611	328931	611	513	0.783306
612	328932	612	513	0.113911
613	328933	613	513	1.28694
614	328934	614	513	0.963462
615	328935	615	513	0.0975972
616	328936	616	513	0.619863
617	328937	617	513	0.864772
618	328938	618	513	0.387303
619	328939	619	513	1.05671
620	328940	620	513	1.59582
621	328941	621	513	0.782621
622	328942	622	513	0.380248
623	328943	623	513	1.97319
624	328944	624	513	0.758415
625	328945	625	513	0.296798
626	328946	626	513	1.29678
627	328947	627	513	0.480978
628	328948	628	513	0.561014
629	328949	629	513	0.184667
630	328950	630	513	1.18214
631	328951	631	513	1.19225
632	328952	632	513	0.54045
633	328953	633	513	1.2437
634	328954	634	513	1.72485
635	328955	635	513	0.3074
636	328956	636	513	0.689666
637	328957	637	513	2.06855
638	328958	638	513	0.120606
639	328959	639	513	0.992977
640	329417	457	514	0.677646
641	329418	458	514	0.245167
642	330058	458	515	0.429371
643	330059	459	515	0.535549
644	330699	459	516	0.101655
645	330700	460	516	0.240216
646	331340	460	517	0.321065
647	331341	461	517	0.295916
648	331981	461	518	0.310896
649	331982	462	518	0.68701
650	332622	462	519	0.169773
651	332623	463	519	0.52859
652	333263	463	520	0.512211
653	333264	464	520	0.940406
654	333904	464	521	0.697248
655	333905	465	521	0.171105
656	334545	465	522	0.84106
657	335186	466	523	0.89007
658	335827	467	524	1.40205
659	336467	467	525	0.669897
660	336468	468	525	0.55129
661	337108	468	526	0.808422
662	337109	469	526	0.344048
663	337749	469	527	0.472978
664	338389	469	528	0.0168582
665	338390	470	528	3.02665
666	339030	470	529	0.621826
667	339031	471	529	0.0561991
668	339671	471	530	0.988825
669	339672	472	530	1.10216
670	340312	472	531	1.36205
671	340952	472	532	0.0267615
672	340953	473	532	1.27759
673	341593	473	533	0.297383
674	341594	474	533	0.300826
675	342234	474	534	0.868684
676	342235	475	534	0.106955
677	342875	475	535	0.983634
678	343515	475	536	0.284564
679	343516	476	536	0.141021
680	344156	476	537	0.780437
681	344797	477	538	0.789861
682	345437	477	539	0.858255
683	345438	478	539	0.518642
684	346078	478	540	0.147446
685	346079	479	540	0.26358
686	346719	479	541	1.40301
687	347359	479	542	0.0483403
688	347360	480	542	2.05476
689	348000	480	543	0.11209
690	348001	481	543	0.37004
691	348641	481	544	0.951134
692	348642	482	544	0.751173
693	349282	482	545	2.42622
694	349283	483	545	0.3464
695	349923	483	546	0.964893
696	350564	484	547	1.19181
697	351204	484	548	1.39295
698	351205	485	548	0.255152
699	351845	485	549	0.934587
700	351846	486	549	0.464969
701	352486	486	550	0.555153
702	353127	487	551	0.289949
703	353767	487	552	0.400598
704	353768	488	552	0.0503331
705	354408	488	553	2.28065
706	355048	488	554	0.503893
707	355049	489	554	0.165173
708	355689	489	555	0.361547
709	355690	490	555	0.241758
710	356330	490	556	0.266292
711	356970	490	557	0.616036
712	356971	491	557	0.666459
713	357611	491	558	0.430969
714	358251	491	559	0.108095
715	358252	492	559	0.176664
716	358892	492	560	0.231308
717	358893	493	560	0.205816
718	359533	493	561	0.995084
719	359534	494	561	0.0856546
720	360174	494	562	1.32275
721	360814	494	563	0.019911
722	360815	495	563	1.11343
723	361455	495	564	0.420258
724	361456	496	564	1.12996
725	362096	496	565	1.32127
726	362097	497	565	1.83198
727	362737	497	566	0.956744
728	329310	350	514	0.537779
729	329136	176	514	1.25343
730	329776	176	515	0.484397
731	329777	177	515	0.20997
