0	135467	427	211	1.63668
1	136107	427	212	2.32312
2	136748	428	213	3.52138
3	136749	429	213	1.22796
4	136109	429	212	0.774623
5	136110	430	212	1.09574
6	136111	431	212	0.750765
7	136112	432	212	0.420553
8	136113	433	212	2.95123
9	136114	434	212	0.186953
10	135474	434	211	0.1034
11	135475	435	211	0.789788
12	135476	436	211	0.400219
13	135477	437	211	2.13086
14	135478	438	211	0.276422
15	134838	438	210	0.699755
16	134839	439	210	0.88746
17	134840	440	210	0.299357
18	134201	441	209	0.69725
19	134202	442	209	0.39539
20	134203	443	209	0.645595
21	133563	443	208	0.731487
22	133564	444	208	0.487216
23	133565	445	208	0.514747
24	132925	445	207	0.510705
25	132926	446	207	0.868931
26	132927	447	207	1.20801
27	132928	448	207	0.0300742
28	132288	448	206	0.0881427
29	132289	449	206	2.34634
30	132290	450	206	0.127254
31	132291	451	206	1.29517
32	132292	452	206	0.574822
33	131652	452	205	1.69826
34	131653	453	205	1.61344
35	131654	454	205	0.969995
36	131655	455	205	0.323584
37	131656	456	205	2.80775
38	131657	457	205	0.213013
39	131017	457	204	0.974899
40	131018	458	204	1.4112
41	131019	459	204	0.729387
42	131020	460	204	0.386786
43	131021	461	204	1.13265
44	131022	462	204	0.00835755
45	130382	462	203	0.680268
46	130383	463	203	0.490518
47	129743	463	202	0.278129
48	129744	464	202	0.948223
49	129745	465	202	0.634005
50	129105	465	201	0.38873
51	129106	466	201	1.03947
52	128466	466	200	0.41689
53	128467	467	200	0.246485
54	128468	468	200	0.526663
55	127828	468	199	1.55214
56	127829	469	199	0.343842
57	127189	469	198	0.469747
58	127190	470	198	1.2303
59	127191	471	198	0.188917
60	126551	471	197	0.694543
61	126552	472	197	0.557968
62	125912	472	196	0.0425531
63	125913	473	196	0.722946
64	125914	474	196	0.756197
65	125915	475	196	0.0205221
66	125275	475	195	1.01194
67	125276	476	195	1.12699
68	124636	476	194	0.517339
69	124637	477	194	0.923371
70	123998	478	193	0.326792
71	123999	479	193	0.811603
72	124000	480	193	1.1014
73	124001	481	193	0.633639
74	124002	482	193	0.307129
75	124642	482	194	0.491183
76	124643	483	194	0.856904
77	124644	484	194	1.40191
78	124645	485	194	1.48852
79	125285	485	195	0.169859
80	125286	486	195	0.815119
81	125287	487	195	0.279335
82	125288	488	195	0.0225411
83	125928	488	196	1.38698
84	125929	489	196	2.0051
85	125930	490	196	0.887076
86	126571	491	197	1.26488
87	126572	492	197	0.296146
88	126573	493	197	0.13741
89	127213	493	198	0.327711
90	127214	494	198	0.879485
91	127215	495	198	1.42718
92	127216	496	198	0.47305
93	127217	497	198	0.0379893
94	127857	497	199	0.76549
95	127858	498	199	0.709931
96	127859	499	199	1.56448
97	127860	500	199	0.155243
98	128500	500	200	0.0493633
99	128501	501	200	0.26928
100	128502	502	200	0.714646
101	128503	503	200	0.910047
102	128504	504	200	0.0160237
103	127864	504	199	0.00130128
104	127865	505	199	0.533644
105	127866	506	199	0.451059
106	127867	507	199	0.503838
107	127868	508	199	1.33075
108	127869	509	199	1.63025
109	127870	510	199	1.09518
110	127871	511	199	1.968
111	127872	512	199	0.480021
112	127873	513	199	1.99251
113	127874	514	199	1.61687
114	127875	515	199	0.320187
115	127876	516	199	1.33673
116	127877	517	199	0.712932
117	127878	518	199	0.867475
118	127879	519	199	1.12968
119	127880	520	199	1.41672
120	127881	521	199	0.411898
121	127882	522	199	0.612643
122	127883	523	199	1.8608
123	127884	524	199	0.152945
124	128524	524	200	0.395456
125	128525	525	200	0.825161
126	128526	526	200	2.13136
127	128527	527	200	0.278483
128	129167	527	201	1.00561
129	129168	528	201	0.931636
130	129169	529	201	2.39546
131	129170	530	201	0.460331
132	129171	531	201	0.5098
133	129172	532	201	1.03402
134	129173	533	201	1.42501
135	129174	534	201	1.42945
136	129175	535	201	0.310999
137	129176	536	201	0.47792
138	128536	536	200	1.53434
139	128537	537	200	1.47798
140	128538	538	200	1.31728
141	128539	539	200	0.377483
142	128540	540	200	0.585034
143	127900	540	199	0.331418
144	127901	541	199	1.52687
145	127902	542	199	0.48988
146	127903	543	199	1.31997
147	127904	544	199	0.44958
148	128544	544	200	0.411064
149	128545	545	200	0.855979
150	128546	546	200	0.734225
151	128547	547	200	1.48756
152	128548	548	200	0.927204
153	128549	549	200	1.52008
154	128550	550	200	0.904365
155	128551	551	200	1.02296
156	128552	552	200	1.09951
157	128553	553	200	1.25622
158	129194	554	201	0.953535
159	129195	555	201	1.86524
160	129835	555	202	0.646349
161	129836	556	202	1.11081
162	130476	556	203	0.495435
163	130477	557	203	0.978383
164	131117	557	204	0.248819
165	131118	558	204	0.516953
166	131758	558	205	0.051773
167	131759	559	205	1.30456
168	132400	560	206	0.861888
169	132401	561	206	2.01045
170	132402	562	206	2.02001
171	132403	563	206	0.116043
172	133043	563	207	0.301123
173	133044	564	207	2.41311
174	133045	565	207	0.655882
175	133685	565	208	0.826767
176	133686	566	208	1.33462
177	133687	567	208	0.0768762
178	134327	567	209	1.26437
179	134967	567	210	1.24733
180	135607	567	211	0.543101
181	135608	568	211	0.254756
182	136248	568	212	0.510624
183	136888	568	213	0.68676
184	137529	569	214	2.59647
185	138170	570	215	2.34379
186	138810	570	216	0.0589984
187	138811	571	216	1.33684
188	139451	571	217	1.12872
189	140091	571	218	0.304733
190	140092	572	218	0.768024
191	140732	572	219	1.5347
192	141372	572	220	0.224921
193	141373	573	220	0.0461265
194	142013	573	221	0.257609
195	142014	574	221	1.4031
196	142654	574	222	0.0228687
197	142655	575	222	0.301513
198	142656	576	222	0.898877
199	143296	576	223	0.55787
200	143297	577	223	0.848654
201	143298	578	223	0.721606
202	143938	578	224	1.09975
203	143939	579	224	1.89847
204	143940	580	224	1.5805
205	143941	581	224	0.686563
206	144581	581	225	1.9186
207	144582	582	225	1.49091
208	144583	583	225	0.181607
209	145223	583	226	0.698761
210	145224	584	226	1.28849
211	145864	584	227	1.40901
212	145865	585	227	1.65272
213	146505	585	228	0.846887
214	147145	585	229	0.935334
215	147785	585	230	1.4001
216	148425	585	231	0.072726
217	148424	584	231	4.97703
218	149064	584	232	1.2094
219	149063	583	232	0.955215
220	149703	583	233	0.0523139
221	149702	582	233	1.18256
222	149701	581	233	1.20579
223	149700	580	233	0.791881
224	149699	579	233	2.02521
225	149698	578	233	0.642631
226	149697	577	233	5.38307
227	149696	576	233	0.966763
228	149695	575	233	0.633489
229	149055	575	232	0.145253
230	149054	574	232	2.79893
231	149053	573	232	2.35056
232	149052	572	232	2.72189
233	149051	571	232	1.28376
234	149050	570	232	2.78794
235	148410	570	231	0.847732
236	148409	569	231	4.74012
237	147770	570	230	0.431229
238	147771	571	230	4.21302
239	147772	572	230	0.349169
240	147132	572	229	0.455575
241	147133	573	229	0.953638
242	146493	573	228	1.6859
243	146494	574	228	2.34097
244	146495	575	228	1.18665
245	145855	575	227	0.627722
246	145856	576	227	1.33903
247	145857	577	227	0.677644
248	145217	577	226	1.2989
249	144577	577	225	1.39943
250	143937	577	224	0.076908
251	142657	577	222	1.30805
252	142658	578	222	1.73584
253	142018	578	221	0.0499366
254	142017	577	221	0.100619
255	141377	577	220	0.108188
256	141376	576	220	0.368434
